3 0.2385 0.2385 0.2385 0.2385 0.2385 0.2385 0.2385 0.2385 0.2385 0.2385 
4 6705796.5000 11.7063 1.9057 1.3451 0.4549 0.4549 0.4549 0.4549 0.4549 0.4549 
5 67070.2969 3.3480 1.8410 1.1717 0.3679 0.1856 0.1856 0.1856 0.1856 0.1856 
6 676.9277 1.8168 1.1972 0.3120 0.1939 0.1605 0.1605 0.1605 0.1605 0.1605 
7 9.9805 1.1186 0.4789 0.2803 0.1648 0.1522 0.1522 0.1522 0.1522 0.1522 
8 3.3644 1.9011 0.6003 0.3454 0.1439 0.1438 0.1438 0.1438 0.1438 0.1438 
9 7.7114 2.3620 2.2067 0.5210 0.1768 0.1781 0.1768 0.1767 0.1767 0.1767 
10 5.8152 2.0781 0.5376 0.6130 0.2065 0.2573 0.1665 0.1665 0.1665 0.1665 
11 5.0954 2.2474 0.7999 0.2251 0.2721 0.1653 0.1644 0.1644 0.1644 0.1644 
12 7.9254 5.1252 2.3028 0.3967 0.4491 0.2171 0.1909 0.1909 0.1909 0.1909 
13 6.7216 4.8948 1.6966 0.6040 0.2689 0.2160 0.1969 0.1969 0.1969 0.1969 
14 6.5375 3.8920 2.3053 0.9415 0.5052 0.2052 0.1921 0.1920 0.1920 0.1920 
15 15.9000 12.8266 3.8104 1.3237 0.3962 0.3091 0.2531 0.2531 0.2531 0.2531 
16 10.7933 4.1957 3.4163 1.1885 0.9747 0.3184 0.2104 0.2104 0.2104 0.2104 
17 11.4112 6.1646 3.4147 2.2828 0.7235 0.4006 0.2384 0.2041 0.2041 0.2041 
18 10.6594 7.7733 3.4567 2.6312 1.0306 0.3404 0.3195 0.2271 0.2271 0.2271 
19 11.2828 7.9718 4.8957 2.2776 1.9879 0.9083 0.2791 0.2814 0.2395 0.2085 
20 12.0893 10.4173 5.9597 3.5806 2.8522 1.0051 0.6372 0.2266 0.4677 0.2250 
21 17.9272 10.4381 7.9819 2.8542 2.4566 2.0638 0.8059 0.2599 0.2441 0.2416 
22 16.7737 15.1338 8.6490 5.7401 3.7243 1.8928 0.8929 0.3218 0.2706 0.2666 
23 15.1866 11.3324 9.9053 5.7129 4.1520 2.1469 1.0280 0.5970 0.2936 0.2305
