3 194 187 142 133 
4 241 240 177 178 
5 327 324 259 263 
6 416 416 353 361 
7 515 515 477 490 
8 626 628 604 600 
9 838 901 815 952 
10 971 1022 987 1082 
11 1090 1154 1171 1275 
12 1260 1377 1374 1657 
13 1448 1605 1617 1754 
14 1622 1784 1888 2115 
15 1877 2111 2227 2587 
16 2064 2292 2455 2709 
17 2327 2600 2804 3203 
18 2620 2918 2930 3621 
19 2840 3165 3497 3848 
20 3121 3461 3823 4089 
21 3371 3764 3949 4453 
22 3698 4130 4168 5129 
23 4004 4456 4781 5483 
24 4342 4846 5278 6055 
25 4697 5256 5356 6447 
26 5028 5587 6196 6791 
27 5382 5980 6719 7349 
28 5817 6487 7001 8021 
29 6185 6965 7517 8397 
30 6556 7325 8190 8815 
31 7071 7928 8538 9552 
32 7509 8322 9041 10007 
33 8042 8921 10583 11510 
34 8460 9406 10698 12057 
35 8920 9931 11201 12118 
36 9480 10505 11576 13521 
37 10064 11089 12963 14091 
38 10461 11611 13325 14351 
39 10933 12149 13315 15368 
40 11563 12860 14638 14833 
41 12207 13587 15940 16974 
42 12940 14262 15002 18252 
43 13394 14732 16694 18021 
44 14122 15623 17100 19105 
45 14598 16212 18491 19072 
46 15192 16843 19641 22211 
47 15926 17598 19905 20955 
48 16635 18373 20517 22669 
49 17214 18945 21685 24089 
50 17919 19897 23141 24670 
51 18844 20759 22929 26647 
52 19528 21701 24403 26663 
53 20134 22178 24561 26355 
54 21027 23293 27647 28882 
55 22185 24522 28171 32651 
56 22918 25319 28159 30111 
57 23492 25842 29473 31793 
58 24303 26959 32669 36595 
59 25293 27837 32020 34868 
60 26285 28830 32754 36549 
61 27232 30010 34690 38927 
62 28447 31177 34246 40637 
63 28946 31862 36122 41988 
64 30045 33178 36364 41262 
65 31672 34873 39988 43198 
66 32759 35981 38786 43124 
67 33445 36658 40714 47238 
68 34707 38200 46983 46772 
69 35912 39246 46398 46859 
70 36425 40041 46804 50257 
71 37536 40990 46232 52329 
72 38796 42382 49862 52573 
73 40278 43999 48476 54452 
74 41295 45337 50167 55105 
75 41569 45947 53749 54774 
76 42529 46688 54525 61094 
77 44936 49065 58603 63250 
78 45497 49600 56977 68234 
79 46527 50828 59131 64108 
80 47872 52341 56164 67665 
81 48861 53438 61823 62866 
82 50330 55497 67902 73601 
83 52710 57530 60634 72989 
84 53418 58359 66347 74136 
85 54637 59445 68024 73623 
86 55749 61021 71118 73437 
87 57130 62429 74034 76567 
88 57871 63454 65779 81852 
89 60456 65990 78839 83573 
90 60392 66089 74323 81568 
91 63760 69744 79558 90235 
92 64508 70419 84066 92735 
93 65595 71361 80007 89872 
94 69068 75167 85559 88554 
95 70284 76807 86475 96626 
96 70625 76765 82257 95050 
97 72037 79067 91285 98302 
98 73548 80116 98881 104538 
99 74671 81721 94768 100658 
100 77619 84382 91329 109018 
