1 0 1 2 2 3 3 4 4 5 5 
2 1 1 2 2 3 3 4 5 5 6 
3 1 2 2 3 3 4 4 5 5 6 
4 1 2 2 3 3 4 5 5 6 6 
5 2 2 3 3 4 4 5 5 6 6 
6 2 2 3 4 4 5 5 6 6 7 
7 2 2 3 4 5 5 6 6 6 7 
8 2 3 4 4 5 5 6 6 7 7 
9 2 3 4 5 5 6 6 7 7 8 
10 3 3 5 5 5 6 6 7 7 8 
11 20 4 5 5 6 6 7 7 8 8 
12 22 4 5 5 6 6 7 7 8 8 
13 24 5 5 6 6 7 7 8 8 9 
14 26 5 5 6 6 7 7 8 8 9 
15 28 4 5 6 7 7 8 8 9 9 
16 30 5 6 6 7 8 8 8 9 9 
17 35 5 6 7 7 8 8 9 9 10 
18 38 6 6 7 7 8 8 9 9 10 
19 39 5 7 7 8 8 9 9 10 11 
20 42 6 7 8 8 9 9 10 10 11 
21 45 53 7 8 8 9 9 10 11 11 
22 47 57 8 8 9 9 10 10 11 11 
23 50 59 8 9 9 9 10 10 11 11 
24 53 62 8 9 9 10 10 11 11 12 
25 56 66 9 9 10 10 11 11 12 12 
26 60 70 9 9 10 10 11 11 12 12 
27 62 73 9 9 10 10 11 11 12 12 
28 65 76 9 9 10 11 11 12 12 13 
29 68 80 9 10 10 11 11 12 12 13 
30 71 83 9 10 11 11 12 12 13 13 
31 75 87 99 10 11 11 12 12 13 13 
32 79 91 104 10 11 11 12 13 13 13 
33 84 97 111 11 11 12 12 13 13 14 
34 88 102 115 11 11 12 13 13 14 14 
35 92 105 119 11 12 12 13 13 14 14 
36 95 109 125 11 12 12 13 13 14 14 
37 99 114 129 12 12 13 13 14 14 15 
38 103 118 133 12 12 13 14 14 15 15 
39 107 122 138 12 13 13 14 14 15 15 
40 110 126 142 12 13 13 14 14 15 16 
41 115 131 147 163 13 14 14 15 15 16 
42 120 136 152 167 13 14 14 15 16 16 
43 124 141 157 173 14 14 15 15 16 16 
44 128 146 162 178 14 15 15 16 16 17 
45 133 150 167 184 14 15 15 16 16 17 
46 137 156 173 190 15 15 16 16 17 17 
47 141 160 178 195 15 15 16 16 17 17 
48 146 164 182 200 15 16 16 17 17 18 
49 151 171 189 207 16 16 16 17 17 18 
50 155 175 194 212 16 16 17 17 18 18 
51 160 180 199 218 237 16 17 17 18 18 
52 165 185 205 224 244 17 17 18 18 19 
53 171 192 211 230 250 17 17 18 19 19 
54 175 196 217 236 257 17 18 18 19 19 
55 180 201 222 242 262 17 18 18 19 20 
56 186 207 229 249 270 18 18 19 19 20 
57 191 212 234 255 276 18 19 19 20 20 
58 196 218 240 262 283 18 19 19 20 20 
59 201 223 247 268 290 18 19 19 20 21 
60 206 229 252 274 296 19 19 20 20 21 
61 212 235 258 281 304 326 20 20 21 21 
62 217 241 265 288 310 334 20 20 21 21 
63 223 247 271 295 318 341 20 20 21 22 
64 229 252 278 301 325 349 20 21 21 22 
65 240 265 290 314 337 362 21 21 22 22 
66 246 271 296 320 344 369 21 22 22 22 
67 251 276 302 327 352 377 21 22 22 23 
68 258 283 308 334 360 384 22 22 22 23 
69 264 290 316 341 367 393 22 22 23 23 
70 270 296 323 348 374 400 22 23 23 23 
71 276 303 329 356 382 409 435 23 23 24 
72 283 311 338 365 391 419 446 23 24 24 
73 288 316 344 370 398 425 452 23 24 24 
74 295 323 351 379 407 433 461 24 24 25 
75 302 329 358 386 413 441 470 24 24 25 
76 308 336 365 393 421 451 478 24 25 25 
77 315 343 373 401 429 458 486 24 25 25 
78 321 350 381 409 438 467 496 25 25 25 
79 328 358 388 417 447 476 505 25 25 26 
80 335 364 395 424 454 483 513 25 26 26 
81 342 370 402 432 462 492 522 552 26 27 
82 349 378 410 440 471 501 531 562 26 27 
83 357 387 419 449 481 511 542 572 27 27 
84 364 394 426 457 488 519 550 581 27 27 
85 371 400 433 464 496 527 559 591 27 28 
86 378 409 441 473 506 538 569 601 27 28 
87 387 417 449 482 514 546 579 611 28 28 
88 392 424 457 491 524 556 589 621 28 28 
89 399 431 465 499 531 564 597 630 28 29 
90 407 439 474 507 541 574 607 641 28 29 
91 415 447 482 516 550 584 617 650 684 29 
92 423 456 490 525 559 593 626 661 695 29 
93 432 465 499 534 568 603 638 673 707 30 
94 439 472 508 543 578 614 648 683 718 30 
95 448 481 516 552 587 623 659 693 727 30 
96 455 489 525 562 598 633 668 704 740 31 
97 462 497 534 570 606 641 678 713 749 31 
98 471 506 543 579 616 652 688 724 760 31 
99 478 512 549 586 623 659 696 732 769 31 
100 488 523 559 597 634 671 709 747 784 32 
